265438
5440020
156277
99999
244548
139277
11494037
10280653
11288872
8984762
11047870
10747644
11474709
9412598
11558168
318655
11442216
67623
482114
5380094
9483408
7242428
11449101
3949732
10668737
6922064
11543393
11471419
10646977
9978624
9635240
1662839
24418
11452806
11519617
10147804
4896744
11511225
6946858
11448454
1814636
11488950
11438197
11455567
6040125
11203094
10499664
11515638
11246577
8987038
9670134
11439995
8785510
11507077
11552721
3359276
11400874
11507182
11440045
11536830
11454782
5416097
11452694
11532039
11518031
11327506
11487376
9484226
11218190
11510249
11483761
11452810
11452621
6772532
11349972
11618037
11455456
11512333
11404214
11507063
11486017
11410349
11102907
9032087
14545
11447009
2469404
5255304
11439899
11422429
667709
9311895
3657105
9935832
11455418
11523617
11304137
11158540
10442797
11551935
11424415
10178484
11507847
2638737
11502286
11506186
11349675
11052949
11455132
10853700
4545609
11455365
11538638
11407145
7315228
8635998
11439811
11235398
8139523
6514875
9027099
3110668
845669
9258702
11422471
5878187
440645
11562194
6704990
10554344
64096
9747502
5721080
10468398
307595
9479367
5477033
2719158
7223992
574613
9552480
1537212
10386450
2323181
11526005
6495749
11454464
11526522
11499404
5281429
6556621
9720276
10307284
9029451
10375126
11524449
11435411
11506162
9692812
11245235
11488792
11453779
845486
6117228
11501300
11488957
11157683
11543377
7226352
11531665
6241811
949007
11351090
11513862
11200195
9553386
11225082
5476719
3637566
11009405
11533179
5073922
1661447
9629672
4924242
11145343
225150
6425840
11356703
11504574
11085973
11254142
11450530
11526809
3140291
9995404
10975857
11085936
10010909
11507042
9800969
11303320
11483135
11347892
11262850
11538208
11454974
332118
11560026
478748
11547562
11471434
1592754
10855411
11530615
11419336
11233313
11435668
10795676
2188210
11523538
11543616
5541505
9071488
11557609
10831901
11404350
11568699
11454373
10656862
11331189
9837579
11489850
11530510
8332099
9784550
685370
2103292
11427177
4116199
9537209
4539596
10081859
11522858
5251178
5777545
6327544
10014311
10669153
143707
11558356
7286293
10676222
11566005
7566982
11453628
11533117
9293703
678359
11557841
10604104
11513566
11468979
1217145
9190861
11336642
9683914
11537810
8497372
11526549
11366597
7034769
6565626
11556966
11544294
6656765
9391239
11163849
11565616
11541322
5920798
533813
1221923
4489985
309923
8825162
11030549
241123
280072
9188675
447507
6164110
2158798
182102
10103027
1415
3473163
109064
9088841
6561377
85829
6146690
676164
536062
591967
6257560
5025477
3572310
10976478
6554039
287471
105025
10001280
1017358
1761727
594613
10933365
757122
5019555
5908581
9314167
1910856
11432948
340032
9430405
902309
547162
645851
5381330
862486
4457056
7138860
485503
3903192
309162
1611559
2622942
4672421
511741
8253991
6742930
10998168
942553
806232
1417930
320155
10305467
432033
828705
1973465
9089676
71771
4004697
43707
517927
438372
176341
2562066
9304628
10787430
11473795
1441309
1894527
8224652
9224116
468241
477969
848337
11260616
2507125
8009848
4484511
5692232
9986092
8188531
622021
7850437
10828666
796449
7676725
11172889
5497748
1197627
1519279
11445308
229314
417813
8630162
8894082
491416
8010106
979930
1018090
1031996
6581030
6420252
607575
731515
123351
1094621
8647189
7016294
430489
5770221
7380551
3477810
648602
7745704
604962
694368
5820284
469564
4620238
11307470
11488123
278395
9976737
9181923
9791553
5
11540357
1076230
11513929
1955466
2423653
11329784
6238817
11042796
9478151
9160725
10020992
262877
5388617
9940944
186407
11470550
9073954
7189349
5859437
11397742
11380777
4582989
8870552
3981170
11409767
11392931
246208
3740758
11104698
9345585
562590
517915
8041976
9059087
5073697
633201
801028
11413139
82310
11005541
11479787
538598
11404249
8773710
10672392
3467864
6075167
11003426
6644087
10740892
7295894
11553583
11373950
11105094
917619
1607787
8785160
11220180
5943125
4582220
10256360
9345251
9335127
5508997
6129898
7909303
6749231
11526807
11285176
4545175
8641845
10002363
6805176
6650977
11427763
9331760
540434
1009279
8806991
7771387
1264930
7700504
9985437
6759581
769170
11529274
657915
8713305
3278867
11331433
11495236
8644438
10785550
11259639
10824792
8048667
10939152
6969000
806928
11423750
10396399
9745757
7515923
7934467
9373011
6607925
4572366
7818698
6243368
9942708
10655995
11337186
11522675
11476527
6793441
8547826
6232300
9664772
11455926
9813446
10623052
7216674
11436639
6639163
11455344
7754182
11100774
11272550
8755817
9332147
1251422
11316659
11229161
11040694
9669175
11146830
10188836
9988753
592561
7576329
10796599
4582311
4615502
6517095
11208920
6344396
5706218
5803221
549212
7935177
9179071
11267211
11479292
10376729
11555610
11074290
11207032
10695977
7271491
9978848
11506045
8531841
8708854
6522680
9281737
11504173
6562003
7711664
10891723
9871687
11156968
10206492
1106480
1438980
11099910
4615502
10113945
466673
11406673
1476186
11501272
11454715
10078292
11375418
6051228
11072138
11348590
10438744
6736689
6350620
11516860
636792
6506733
5671259
11106055
10829398
3544169
8061477
704889
11090431
7474933
11559132
594571
4205173
11560271
7908165
11546154
678804
8070494
7505756
7899966
7614918
7847973
7572480
7610582
7616244
5810944
7308077
6408788
7648368
8169538
7569483
71415
9990298
945159
11144156
84452
1931729
10984920
1125983
687423
703747
290935
610588
699689
236288
3187637
7776629
2421040
4912391
217331
242045
47378
2501233
3436094
37721
557171
36140
69752
1314213
230680
8554555
4572396
9462120
3015080
47227
99367
3742334
302928
7079504
11052943
11503448
9972255
6605157
2459142
702151
209737
1448854
6570336
2822529
20360
1057853
4042402
11259303
11411707
5478516
7698226
50552
11127097
1891007
1055765
310904
912148
1345469
524389
497976
11348792
325765
1741883
11404474
5818322
243704
4340108
3191113
1530099
539270
216315
1804918
7702786
8500016
425342
99956
11471997
5193389
11529881
9283757
5078542
3381499
259588
19126
459911
10375257
10
8578451
5227676
4821587
253062
3990738
417882
489040
10729343
6583366
284550
4497699
6551879
608001
11398914
5681268
11365990
5657327
3726612
11463388
11185673
9310874
5704855
85963
5244979
11414238
3849066
11228145
328160
217348